1579098068.503771	0	0
1579098668.534420	0	0
1579098728.582554	0	0
1579099328.621436	0	0
1579099448.651284	0	0
1579100048.675245	0	0
1579100288.694852	0	0
1579100888.718124	0	0
1579101368.740461	0	0
1579101968.762211	0	0
1579102928.811970	0	0
1579103528.837061	0	0
1579105448.862626	0	0
1579106048.885293	0	0
1579109888.894997	0	0
1579110488.922060	0	0
1579110548.970360	0	0
1579111149.011325	0	0
1579111269.032326	0	0
1579111869.057212	0	0
1579112109.150943	0	0
1579112709.171956	0	0
1579113189.195956	0	0
1579113789.225298	0	0
1579114749.259551	0	0
1579115349.290654	0	0
1579117269.305250	0	0
1579117869.328987	0	0
1579121709.343748	0	0
1579122309.399261	0	0
1579122369.456149	0	0
1579122969.484513	0	0
1579123089.508641	0	0
1579123689.535595	0	0
1579123929.559098	0	0
1579124529.626258	0	0
1579125009.652270	0	0
1579125609.675689	0	0
1579126569.696773	0	0
1579127169.716970	0	0
1579129089.744484	0	0
1579129689.767353	0	0
1579133529.805952	0	0
1579134129.833213	0	0
1579134189.878362	0	0
1579134789.900221	0	0
1579134909.946635	0	0
1579135509.969128	0	0
1579135749.992350	0	0
1579136350.026983	0	0
1579136830.050707	0	0
1579137430.070889	0	0
1579138390.085232	0	0
1579138990.140831	0	0
1579140910.194224	0	0
1579141510.229399	0	0
1579145350.247238	0	0
1579145950.261945	0	0
1579146010.289244	0	0
1579146610.311670	0	0
1579146730.336422	0	0
1579147330.393083	0	0
1579147570.417707	0	0
1579148170.473046	0	0
1579148650.493317	0	0
1579149250.512825	0	0
1579150210.552060	0	0
1579150810.582744	0	0
1579152730.628328	0	0
1579153330.651539	0	0
1579157170.667333	0	0
1579157770.688345	0	0
1579157830.719757	0	0
1579158430.741773	0	0
1579158550.768443	0	0
1579159150.790886	0	0
1579159390.810241	0	0
1579159990.830733	0	0
1579160470.849885	0	0
1579161070.882806	0	0
1579162030.917878	0	0
1579162630.946357	0	0
1579164550.965158	0	0
1579165150.991072	0	0
1579168991.015340	0	0
1579169591.041961	0	0
1579169651.067064	0	0
1579170251.124016	0	0
1579170371.177738	0	0
1579170971.195132	0	0
1579171211.219282	0	0
1579171811.240159	0	0
1579172291.261160	0	0
1579172891.284888	0	0
1579173851.304123	0	0
1579174451.327228	0	0
1579176371.353462	0	0
1579176971.376101	0	0
1579180811.385029	0	0
1579181411.408196	0	0
1579181471.431273	0	0
1579182071.450499	0	0
1579182191.473082	0	0
1579182791.498337	0	0
1579183031.525494	0	0
1579183631.546404	0	0
1579184111.570961	0	0
1579184711.592735	0	0
1579188267.811540	0	0
1579188867.885065	0	0
1579188927.929154	0	0
1579189527.981904	0	0
1579189648.019813	0	0
1579190248.057871	0	0
1579190488.099545	0	0
1579191088.158139	0	0
1579191568.213147	0	0
1579192168.282082	0	0
1579193128.314305	0	0
1579193728.358732	0	0
1579195648.395073	0	0
1579196248.440421	0	0
1579200088.472015	0	0
1579200688.517093	0	0
1579200748.556317	0	0
1579201348.618282	0	0
1579201468.667637	0	0
1579202068.712079	0	0
1579202308.768900	0	0
1579202908.807406	0	0
1579203388.850454	0	0
1579203988.883674	0	0
1579204948.922932	0	0
1579205548.960254	0	0
1579207468.998555	0	0
1579208069.036732	0	0
1579211909.039568	0	0
1579212509.068558	0	0
1579212569.104931	0	0
1579213169.125673	0	0
1579213289.146946	0	0
1579213889.194079	0	0
1579214129.229723	0	0
1579214729.263124	0	0
1579215209.290775	0	0
1579215809.323389	0	0
1579216769.351426	0	0
1579217369.438392	0	0
1579219289.468179	0	0
1579219889.518448	0	0
1579223729.569927	0	0
1579224329.600859	0	0
1579224389.631091	0	0
1579224989.670449	0	0
1579225109.712786	0	0
1579225709.730095	0	0
1579225949.765083	0	0
1579226549.794938	0	0
1579227029.828270	0	0
1579227629.864508	0	0
1579228589.895770	0	0
1579229189.933480	0	0
1579231109.960587	0	0
1579231709.983319	0	0
1579235549.989468	0	0
1579236150.020315	0	0
1579236210.070224	0	0
1579236810.090033	0	0
1579236930.117599	0	0
1579237530.138072	0	0
1579237770.178865	0	0
1579238370.215889	0	0
1579238850.245426	0	0
1579239450.289701	0	0
1579240410.337033	0	0
1579241010.372720	0	0
1579242930.381414	0	0
1579243530.439046	0	0
1579247370.468990	0	0
1579247970.508862	0	0
1579248030.564266	0	0
1579248630.645957	0	0
1579248750.694055	0	0
1579249350.739505	0	0
1579249590.791120	0	0
1579250190.823924	0	0
1579250670.873065	0	0
1579251270.915350	0	0
1579252230.948283	0	0
1579252830.985093	0	0
1579254751.030358	0	0
1579255351.067295	0	0
1579259191.111830	0	0
1579259791.159150	0	0
1579259851.202829	0	0
1579260451.232868	0	0
1579260571.284379	0	0
1579261171.334844	0	0
1579261411.376543	0	0
1579262011.457500	0	0
1579262491.487291	0	0
1579263091.519016	0	0
1579264051.550246	0	0
1579264651.589003	0	0
1579266571.724109	0	0
1579267171.757177	0	0
1579271011.796376	0	0
1579271611.845452	0	0
1579271671.881858	0	0
1579272271.920392	0	0
1579272391.961750	0	0
1579272992.044260	0	0
1579273232.080650	0	0
1579273832.114633	0	0
1579274312.167451	0	0
1579274912.207300	0	0
1579275872.262643	0	0
1579276472.303645	0	0
1579278392.356262	0	0
1579278992.412847	0	0
1579282832.499602	0	0
1579283432.537062	0	0
1579283492.583425	0	0
1579284092.620592	0	0
1579284212.679089	0	0
1579284812.705971	0	0
1579285052.763489	0	0
1579285652.837541	0	0
1579286132.879260	0	0
1579286732.936373	0	0
1579287692.971598	0	0
1579288293.014645	0	0
1579290213.043994	0	0
1579290813.090052	0	0
1579294653.123975	0	0
1579295253.171390	0	0
1579295313.249533	0	0
1579295913.298714	0	0
1579296033.346001	0	0
1579296633.395546	0	0
1579296873.439993	0	0
1579297473.507021	0	0
1579297953.553189	0	0
1579298553.601782	0	0
1579299513.623569	0	0
1579300113.671100	0	0
1579302033.703501	0	0
1579302633.735128	0	0
1579306473.777189	0	0
1579307073.812107	0	0
1579307133.846606	0	0
1579307733.918036	0	0
1579307853.972283	0	0
1579308454.046151	0	0
1579308694.097101	0	0
1579309294.140054	0	0
1579309774.190394	0	0
1579310374.226181	0	0
1579311334.264790	0	0
1579311934.317723	0	0
1579313854.355142	0	0
1579314454.406761	0	0
1579318294.426937	0	0
1579318894.465295	0	0
1579318954.520884	0	0
1579319554.555527	0	0
1579319674.600339	0	0
1579320274.640614	0	0
1579320514.691127	0	0
1579321114.759781	0	0
1579321594.803900	0	0
1579322194.851070	0	0
1579323154.914522	0	0
1579323754.950319	0	0
1579325674.988893	0	0
1579326275.057142	0	0
1579330115.100687	0	0
1579330715.178981	0	0
1579330775.244686	0	0
1579331375.282466	0	0
1579331495.329490	0	0
1579332095.365123	0	0
1579332335.416460	0	0
1579332935.475754	0	0
1579333415.519981	0	0
1579334015.601986	0	0
1579334975.646592	0	0
1579335575.690240	0	0
1579337495.725512	0	0
1579338095.770944	0	0
1579341935.790993	0	0
1579342535.839642	0	0
1579342595.884995	0	0
1579343195.925014	0	0
1579343315.970468	0	0
1579343916.018499	0	0
1579344156.089043	0	0
1579344756.122168	0	0
1579345236.179247	0	0
1579345836.213025	0	0
1579346796.256630	0	0
1579347396.302018	0	0
1579349316.336552	0	0
1579349916.384081	0	0
1579353756.400755	0	0
1579354356.443467	0	0
1579354416.498567	0	0
1579355016.538350	0	0
1579355136.576857	0	0
1579355736.625467	0	0
1579355976.654777	0	0
1579356576.699882	0	0
1579357056.750002	0	0
1579357656.793477	0	0
1579358616.838341	0	0
1579359216.870773	0	0
1579361136.924523	0	0
1579361736.976327	0	0
1579365577.011436	0	0
1579366177.053284	0	0
1579366237.093227	0	0
1579366837.134847	0	0
1579366957.173179	0	0
1579367557.219835	0	0
1579367797.256799	0	0
1579368397.295428	0	0
1579368877.341409	0	0
1579369477.380427	0	0
1579370437.427785	0	0
1579371037.460450	0	0
1579372957.516769	0	0
1579373557.567032	0	0
1579377397.612253	0	0
1579377997.667754	0	0
1579378057.720212	0	0
1579378657.758822	0	0
1579378777.814435	0	0
1579379377.849279	0	0
1579379617.897441	0	0
1579380217.951432	0	0
1579380697.991507	0	0
1579381298.043539	0	0
1579382258.091733	0	0
1579382858.159551	0	0
1579384778.198210	0	0
1579385378.224936	0	0
1579389218.247580	0	0
1579389818.279120	0	0
1579389878.315412	0	0
1579390478.358183	0	0
1579390598.395764	0	0
1579391198.426779	0	0
1579391438.468781	0	0
1579392038.503634	0	0
1579392518.548469	0	0
1579393118.599908	0	0
1579394078.658035	0	0
1579394678.701386	0	0
1579396598.740027	0	0
1579397198.797493	0	0
1579401038.854982	0	0
1579401638.901797	0	0
1579401698.982735	0	0
1579402299.032187	0	0
1579402419.079903	0	0
1579403019.125532	0	0
1579403259.163197	0	0
1579403859.250083	0	0
1579404339.293306	0	0
1579404939.334930	0	0
1579405899.372377	0	0
1579406499.415256	0	0
1579408419.460493	0	0
1579409019.493749	0	0
1579412859.534683	0	0
1579413459.584017	0	0
1579413519.639372	0	0
1579414119.672679	0	0
1579414239.706131	0	0
1579414839.759339	0	0
1579415079.811660	0	0
1579415679.854737	0	0
1579416159.887897	0	0
1579416759.915607	0	0
1579417719.954982	0	0
1579418319.994245	0	0
1579420240.020478	0	0
1579420840.084388	0	0
1579424680.098678	0	0
1579425280.145133	0	0
1579425340.205388	0	0
1579425940.238101	0	0
1579426060.267983	0	0
1579426660.313042	0	0
1579426900.371268	0	0
1579427500.441057	0	0
1579427980.484524	0	0
1579428580.524222	0	0
1579429540.564877	0	0
1579430140.606052	0	0
1579432060.656970	0	0
1579432660.710937	0	0
1579436500.748491	0	0
1579437100.815516	0	0
1579437160.856832	0	0
1579437760.912580	0	0
1579437880.972029	0	0
1579438481.021146	0	0
1579438721.071043	0	0
1579439321.112424	0	0
1579439801.167319	0	0
1579440401.213806	0	0
1579441361.266520	0	0
1579441961.311322	0	0
1579443881.353648	0	0
1579444481.407056	0	0
1579448321.419476	0	0
1579448921.450461	0	0
1579448981.496539	0	0
1579449581.529329	0	0
1579449701.574507	0	0
1579450301.614675	0	0
1579450541.655643	0	0
1579451141.735436	0	0
1579451621.781854	0	0
1579452221.819358	0	0
1579453181.869837	0	0
1579453781.904265	0	0
1579455701.970387	0	0
1579456302.008942	0	0
1579460142.036855	0	0
1579460742.067863	0	0
1579460802.109025	0	0
1579461402.153297	0	0
1579461522.198795	0	0
1579462122.231848	0	0
1579462362.291075	0	0
1579462962.335873	0	0
1579463442.389101	0	0
1579464042.431481	0	0
1579465002.469161	0	0
1579465602.520968	0	0
1579467522.564512	0	0
1579468122.617238	0	0
1579471962.669386	0	0
1579472562.718030	0	0
1579472622.761096	0	0
1579473222.804839	0	0
1579473342.838652	0	0
1579473942.877461	0	0
1579474182.907072	0	0
1579474782.941299	0	0
1579475262.971800	0	0
1579475863.063463	0	0
1579476823.096734	0	0
1579477423.149414	0	0
1579479343.194921	0	0
1579479943.230232	0	0
1579483783.231394	0	0
1579484383.265476	0	0
1579484443.307722	0	0
1579485043.353882	0	0
1579485163.398152	0	0
1579485763.431721	0	0
1579486003.475871	0	0
1579486603.521537	0	0
1579487083.560478	0	0
1579487683.608985	0	0
1579488643.656498	0	0
1579489243.694507	0	0
1579491163.732373	0	0
1579491763.793155	0	0
1579495603.836236	0	0
1579496203.870238	0	0
1579496263.923770	0	0
1579496863.974704	0	0
1579496984.011970	0	0
1579497584.061228	0	0
1579497824.119084	0	0
1579498424.156396	0	0
1579498904.198181	0	0
1579499504.244073	0	0
1579500464.301728	0	0
1579501064.361571	0	0
1579502984.407065	0	0
1579503584.460333	0	0
1579507424.491741	0	0
